9341
5149
-2077
5790
9508
-6123
-5962
-1994
-6272
-7666
8981
-8779
-5605
-3496
866
5147
-272
-8506
2280
3985
-8758
866
6806
716
-2006
-4667
-3521
-4136
-9175
-817
-9709
-4948
-1207
4387
-122
9677
7229
1555
8346
-6814
2831
-8429
-4493
7788
3071
8018
9077
-1029
4401
-1832
4660
-6878
2538
3610
-9255
-8881
-7818
-3249
-6557
9594
7001
-213
-6092
5585
2865
4002
1250
-4584
3599
2454
6713
-5160
-2608
2998
-5830
-9649
-3623
-963
4099
9580
-4775
9469
-2906
-9027
-1035
-73
-4054
8279
4911
-8291
6696
-5920
-9900
-3276
-2044
-1151
-7430
5175
9561
-9003
